G3dErrFileVersion 2018P3.1
FlagFileMetaData Begin
   Mesh Size - Setup1, Refinement, Pass #1, Freq. 2.000000e+09 :Title    
   Listing of mesh elements with small segments. :ToolTip  
   hf3d :Author   
   1668791938 :TimeStamp
FlagFileMetaData End
BEGIN_ERR 
26 Small mesh segment detected on body : Box1
 Small mesh segment detected on body : Box1 
 Segment Statistics - Number of Segments : 1 --- Segment length(s) : 0.000001meters. The cutoff frequency for S-Matrix Only Solve is 2.99792458MHz 
2 -1  7  # nfids, fids[]
2 134  -1  # nbids, bids[]
      5 2 1 0 #ntets ntri ned npts
          -6.9167700705220582e-05  -7.1893347937906579e-05   3.2651055232183840e-04 #xyz tv0
          -7.1012376500822154e-05  -7.0315901992949875e-05   2.8496850775966176e-04 #xyz tv1
          -1.2519062500000012e-04  -1.8205312499999939e-04   3.7557187499999992e-04 #xyz tv2
          -7.0310858349211013e-05  -7.1016246297973796e-05   2.8515098732591430e-04 -1 134 #xyz tv3 fid bid
          -9.6704243235651443e-05  -1.9922111784495008e-04   2.1229759986697219e-04 #xyz tv0
          -7.0310858349211013e-05  -7.1016246297973796e-05   2.8515098732591430e-04 #xyz tv1
          -1.2519062500000012e-04  -1.8205312499999939e-04   3.7557187499999992e-04 #xyz tv2
          -7.1012376500822154e-05  -7.0315901992949875e-05   2.8496850775966176e-04 -1 134 #xyz tv3 fid bid
          -6.9167700705220582e-05  -7.1893347937906579e-05   3.2651055232183840e-04 #xyz tv0
          -1.1158156815990701e-05   9.7009613973314497e-05   3.8299377178224747e-04 #xyz tv1
          -7.1012376500822154e-05  -7.0315901992949875e-05   2.8496850775966176e-04 #xyz tv2
          -7.0310858349211013e-05  -7.1016246297973796e-05   2.8515098732591430e-04 -1 134 #xyz tv3 fid bid
          -7.0710000000000006e-05  -7.0710000000000006e-05   2.7071000000000002e-04 #xyz tv0
          -7.0310858349211013e-05  -7.1016246297973796e-05   2.8515098732591430e-04 #xyz tv1
          -9.6704243235651443e-05  -1.9922111784495008e-04   2.1229759986697219e-04 #xyz tv2
          -7.1012376500822154e-05  -7.0315901992949875e-05   2.8496850775966176e-04 -1 134 #xyz tv3 fid bid
          -1.1158156815990701e-05   9.7009613973314497e-05   3.8299377178224747e-04 #xyz tv0
          -7.0710000000000006e-05  -7.0710000000000006e-05   2.7071000000000002e-04 #xyz tv1
          -7.1012376500822154e-05  -7.0315901992949875e-05   2.8496850775966176e-04 #xyz tv2
          -7.0310858349211013e-05  -7.1016246297973796e-05   2.8515098732591430e-04 -1 134 #xyz tv3 fid bid
          -7.0710000000000006e-05  -7.0710000000000006e-05   2.7071000000000002e-04 #xyz tv0
          -7.0310858349211013e-05  -7.1016246297973796e-05   2.8515098732591430e-04 #xyz tv1
          -7.1012376500822154e-05  -7.0315901992949875e-05   2.8496850775966176e-04 7 -1 #xyz tv2 fid bid
          -6.9167700705220582e-05  -7.1893347937906579e-05   3.2651055232183840e-04 #xyz tv0
          -7.1012376500822154e-05  -7.0315901992949875e-05   2.8496850775966176e-04 #xyz tv1
          -7.0310858349211013e-05  -7.1016246297973796e-05   2.8515098732591430e-04 7 -1 #xyz tv2 fid bid
          -7.0310858349211013e-05  -7.1016246297973796e-05   2.8515098732591430e-04 #xyz ev0
          -7.1012376500822154e-05  -7.0315901992949875e-05   2.8496850775966176e-04 -1 134 #xyz ev1 fid bid
   0   0.000000000000e+00   0.000000000000e+00   0.000000000000e+00 #flag location
END_ERR 
BEGIN_ERR 
26 Small mesh segment detected on body : Box1
 Small mesh segment detected on body : Box1 
 Segment Statistics - Number of Segments : 1 --- Segment length(s) : 0.000002meters. The cutoff frequency for S-Matrix Only Solve is 2.99792458MHz 
2 -1  16  # nfids, fids[]
2 134  -1  # nbids, bids[]
      4 2 1 0 #ntets ntri ned npts
           7.1288560821916724e-05  -6.9955941181756138e-05  -2.9799192814688335e-04 #xyz tv0
           6.7376329606254711e-05  -1.8971285781709104e-04  -2.7326779925430288e-04 #xyz tv1
           6.9167700705220582e-05  -7.1893347937906579e-05  -3.2651055232183840e-04 #xyz tv2
           6.9987062588969752e-05  -7.1264682542794338e-05  -2.9686595232790262e-04 -1 134 #xyz tv3 fid bid
           7.0710000000000006e-05  -7.0710000000000006e-05  -2.7071000000000002e-04 #xyz tv0
           6.7376329606254711e-05  -1.8971285781709104e-04  -2.7326779925430288e-04 #xyz tv1
           7.1288560821916724e-05  -6.9955941181756138e-05  -2.9799192814688335e-04 #xyz tv2
           6.9987062588969752e-05  -7.1264682542794338e-05  -2.9686595232790262e-04 -1 134 #xyz tv3 fid bid
           1.1158156815990701e-05   9.7009613973314497e-05  -3.8299377178224747e-04 #xyz tv0
           7.1288560821916724e-05  -6.9955941181756138e-05  -2.9799192814688335e-04 #xyz tv1
           6.9167700705220582e-05  -7.1893347937906579e-05  -3.2651055232183840e-04 #xyz tv2
           6.9987062588969752e-05  -7.1264682542794338e-05  -2.9686595232790262e-04 -1 134 #xyz tv3 fid bid
           7.0710000000000006e-05  -7.0710000000000006e-05  -2.7071000000000002e-04 #xyz tv0
           7.1288560821916724e-05  -6.9955941181756138e-05  -2.9799192814688335e-04 #xyz tv1
           1.1158156815990701e-05   9.7009613973314497e-05  -3.8299377178224747e-04 #xyz tv2
           6.9987062588969752e-05  -7.1264682542794338e-05  -2.9686595232790262e-04 -1 134 #xyz tv3 fid bid
           7.0710000000000006e-05  -7.0710000000000006e-05  -2.7071000000000002e-04 #xyz tv0
           6.9987062588969752e-05  -7.1264682542794338e-05  -2.9686595232790262e-04 #xyz tv1
           7.1288560821916724e-05  -6.9955941181756138e-05  -2.9799192814688335e-04 16 -1 #xyz tv2 fid bid
           6.9167700705220582e-05  -7.1893347937906579e-05  -3.2651055232183840e-04 #xyz tv0
           7.1288560821916724e-05  -6.9955941181756138e-05  -2.9799192814688335e-04 #xyz tv1
           6.9987062588969752e-05  -7.1264682542794338e-05  -2.9686595232790262e-04 16 -1 #xyz tv2 fid bid
           6.9987062588969752e-05  -7.1264682542794338e-05  -2.9686595232790262e-04 #xyz ev0
           7.1288560821916724e-05  -6.9955941181756138e-05  -2.9799192814688335e-04 -1 134 #xyz ev1 fid bid
   0   0.000000000000e+00   0.000000000000e+00   0.000000000000e+00 #flag location
END_ERR 
BEGIN_ERR 
26 Small mesh segment detected on body : Box1
 Small mesh segment detected on body : Box1 
 Segment Statistics - Number of Segments : 1 --- Segment length(s) : 0.000003meters. The cutoff frequency for S-Matrix Only Solve is 2.99792458MHz 
2 -1  43  # nfids, fids[]
2 134  -1  # nbids, bids[]
      6 2 1 0 #ntets ntri ned npts
          -9.9999999999999991e-05   2.5000000000000001e-02   1.2500000000000001e-02 #xyz tv0
          -9.9999999999999991e-05   2.4948237048751026e-02   1.2500000000000001e-02 #xyz tv1
          -2.5038125000000018e-04   2.4981262500000007e-02   1.2519062500000002e-02 #xyz tv2
          -9.9161714393832388e-05   2.4947868019090474e-02   1.2503127931366298e-02 -1 134 #xyz tv3 fid bid
          -9.9999999999999991e-05   2.4948237048751026e-02   1.2500000000000001e-02 #xyz tv0
          -9.9161714393832388e-05   2.4947868019090474e-02   1.2503127931366298e-02 #xyz tv1
          -2.5038125000000013e-04   2.4730881250000007e-02   1.2519062500000002e-02 #xyz tv2
          -2.5038125000000018e-04   2.4981262500000007e-02   1.2519062500000002e-02 -1 134 #xyz tv3 fid bid
          -1.4328815911568428e-19   2.4981262500000007e-02   1.2519062500000002e-02 #xyz tv0
          -9.9999999999999991e-05   2.4948237048751026e-02   1.2500000000000001e-02 #xyz tv1
          -9.9999999999999991e-05   2.5000000000000001e-02   1.2500000000000001e-02 #xyz tv2
          -9.9161714393832388e-05   2.4947868019090474e-02   1.2503127931366298e-02 -1 134 #xyz tv3 fid bid
          -2.5038125000000013e-04   2.4730881250000007e-02   1.2519062500000002e-02 #xyz tv0
          -9.9999999999999991e-05   2.4948237048751026e-02   1.2500000000000001e-02 #xyz tv1
          -9.9999999999999991e-05   2.4626368394950717e-02   1.2500000000000001e-02 #xyz tv2
          -9.9161714393832388e-05   2.4947868019090474e-02   1.2503127931366298e-02 -1 134 #xyz tv3 fid bid
          -1.4328815911568428e-19   2.4981262500000007e-02   1.2519062500000002e-02 #xyz tv0
          -9.5047741297470985e-05   2.4692024944434440e-02   1.2481521422751754e-02 #xyz tv1
          -9.9999999999999991e-05   2.4948237048751026e-02   1.2500000000000001e-02 #xyz tv2
          -9.9161714393832388e-05   2.4947868019090474e-02   1.2503127931366298e-02 -1 134 #xyz tv3 fid bid
          -9.9999999999999991e-05   2.4948237048751026e-02   1.2500000000000001e-02 #xyz tv0
          -9.9161714393832388e-05   2.4947868019090474e-02   1.2503127931366298e-02 #xyz tv1
          -9.5047741297470985e-05   2.4692024944434440e-02   1.2481521422751754e-02 #xyz tv2
          -9.9999999999999991e-05   2.4626368394950717e-02   1.2500000000000001e-02 -1 134 #xyz tv3 fid bid
          -9.9999999999999991e-05   2.4948237048751026e-02   1.2500000000000001e-02 #xyz tv0
          -9.9161714393832388e-05   2.4947868019090474e-02   1.2503127931366298e-02 #xyz tv1
          -9.9999999999999991e-05   2.5000000000000001e-02   1.2500000000000001e-02 43 -1 #xyz tv2 fid bid
          -9.9999999999999991e-05   2.4626368394950717e-02   1.2500000000000001e-02 #xyz tv0
          -9.9161714393832388e-05   2.4947868019090474e-02   1.2503127931366298e-02 #xyz tv1
          -9.9999999999999991e-05   2.4948237048751026e-02   1.2500000000000001e-02 43 -1 #xyz tv2 fid bid
          -9.9999999999999991e-05   2.4948237048751026e-02   1.2500000000000001e-02 #xyz ev0
          -9.9161714393832388e-05   2.4947868019090474e-02   1.2503127931366298e-02 -1 134 #xyz ev1 fid bid
   0   0.000000000000e+00   0.000000000000e+00   0.000000000000e+00 #flag location
END_ERR 
BEGIN_ERR 
26 Small mesh segment detected on body : Box1
 Small mesh segment detected on body : Box1 
 Segment Statistics - Number of Segments : 1 --- Segment length(s) : 0.000003meters. The cutoff frequency for S-Matrix Only Solve is 2.99792458MHz 
2 -1  43  # nfids, fids[]
2 134  -1  # nbids, bids[]
      5 2 1 0 #ntets ntri ned npts
          -9.9154822584751772e-05   2.4947439425712779e-02   1.2496846352928179e-02 #xyz tv0
          -2.5038125000000018e-04   2.4981262500000007e-02   1.2519062500000002e-02 #xyz tv1
          -9.9999999999999991e-05   2.5000000000000001e-02   1.2500000000000001e-02 #xyz tv2
          -9.9999999999999991e-05   2.4948237048751026e-02   1.2500000000000001e-02 -1 134 #xyz tv3 fid bid
          -1.4328815911568428e-19   2.4981262500000007e-02   1.2519062500000002e-02 #xyz tv0
          -9.9999999999999991e-05   2.5000000000000001e-02   1.2500000000000001e-02 #xyz tv1
          -9.9999999999999991e-05   2.4948237048751026e-02   1.2500000000000001e-02 #xyz tv2
          -9.9154822584751772e-05   2.4947439425712779e-02   1.2496846352928179e-02 -1 134 #xyz tv3 fid bid
          -9.9154822584751772e-05   2.4947439425712779e-02   1.2496846352928179e-02 #xyz tv0
          -2.5038125000000013e-04   2.4730881250000007e-02   1.2519062500000002e-02 #xyz tv1
          -2.5038125000000018e-04   2.4981262500000007e-02   1.2519062500000002e-02 #xyz tv2
          -9.9999999999999991e-05   2.4948237048751026e-02   1.2500000000000001e-02 -1 134 #xyz tv3 fid bid
          -1.4328815911568428e-19   2.4981262500000007e-02   1.2519062500000002e-02 #xyz tv0
          -9.9999999999999991e-05   2.4948237048751026e-02   1.2500000000000001e-02 #xyz tv1
          -9.5047741297470985e-05   2.4692024944434440e-02   1.2481521422751754e-02 #xyz tv2
          -9.9154822584751772e-05   2.4947439425712779e-02   1.2496846352928179e-02 -1 134 #xyz tv3 fid bid
          -9.5047741297470985e-05   2.4692024944434440e-02   1.2481521422751754e-02 #xyz tv0
          -2.5038125000000013e-04   2.4730881250000007e-02   1.2519062500000002e-02 #xyz tv1
          -9.9154822584751772e-05   2.4947439425712779e-02   1.2496846352928179e-02 #xyz tv2
          -9.9999999999999991e-05   2.4948237048751026e-02   1.2500000000000001e-02 -1 134 #xyz tv3 fid bid
          -9.9999999999999991e-05   2.5000000000000001e-02   1.2500000000000001e-02 #xyz tv0
          -9.9154822584751772e-05   2.4947439425712779e-02   1.2496846352928179e-02 #xyz tv1
          -9.9999999999999991e-05   2.4948237048751026e-02   1.2500000000000001e-02 43 -1 #xyz tv2 fid bid
          -9.5047741297470985e-05   2.4692024944434440e-02   1.2481521422751754e-02 #xyz tv0
          -9.9999999999999991e-05   2.4948237048751026e-02   1.2500000000000001e-02 #xyz tv1
          -9.9154822584751772e-05   2.4947439425712779e-02   1.2496846352928179e-02 43 -1 #xyz tv2 fid bid
          -9.9154822584751772e-05   2.4947439425712779e-02   1.2496846352928179e-02 #xyz ev0
          -9.9999999999999991e-05   2.4948237048751026e-02   1.2500000000000001e-02 -1 134 #xyz ev1 fid bid
   0   0.000000000000e+00   0.000000000000e+00   0.000000000000e+00 #flag location
END_ERR 
G3dErrFileVersion 2018P3.1
FlagFileMetaData Begin
   Mesh Size - Setup1, Refinement, Pass #1, Freq. 3.000000e+09 :Title    
   Listing of mesh elements with small segments. :ToolTip  
   hf3d :Author   
   1668791941 :TimeStamp
FlagFileMetaData End
BEGIN_ERR 
26 Small mesh segment detected on body : Box1
 Small mesh segment detected on body : Box1 
 Segment Statistics - Number of Segments : 1 --- Segment length(s) : 0.000001meters. The cutoff frequency for S-Matrix Only Solve is 2.99792458MHz 
2 -1  7  # nfids, fids[]
2 134  -1  # nbids, bids[]
      5 2 1 0 #ntets ntri ned npts
          -6.9167700705220582e-05  -7.1893347937906579e-05   3.2651055232183840e-04 #xyz tv0
          -7.1012376500822154e-05  -7.0315901992949875e-05   2.8496850775966176e-04 #xyz tv1
          -1.2519062500000012e-04  -1.8205312499999939e-04   3.7557187499999992e-04 #xyz tv2
          -7.0310858349211013e-05  -7.1016246297973796e-05   2.8515098732591430e-04 -1 134 #xyz tv3 fid bid
          -9.6704243235651443e-05  -1.9922111784495008e-04   2.1229759986697219e-04 #xyz tv0
          -7.0310858349211013e-05  -7.1016246297973796e-05   2.8515098732591430e-04 #xyz tv1
          -1.2519062500000012e-04  -1.8205312499999939e-04   3.7557187499999992e-04 #xyz tv2
          -7.1012376500822154e-05  -7.0315901992949875e-05   2.8496850775966176e-04 -1 134 #xyz tv3 fid bid
          -6.9167700705220582e-05  -7.1893347937906579e-05   3.2651055232183840e-04 #xyz tv0
          -1.1158156815990701e-05   9.7009613973314497e-05   3.8299377178224747e-04 #xyz tv1
          -7.1012376500822154e-05  -7.0315901992949875e-05   2.8496850775966176e-04 #xyz tv2
          -7.0310858349211013e-05  -7.1016246297973796e-05   2.8515098732591430e-04 -1 134 #xyz tv3 fid bid
          -7.0710000000000006e-05  -7.0710000000000006e-05   2.7071000000000002e-04 #xyz tv0
          -7.0310858349211013e-05  -7.1016246297973796e-05   2.8515098732591430e-04 #xyz tv1
          -9.6704243235651443e-05  -1.9922111784495008e-04   2.1229759986697219e-04 #xyz tv2
          -7.1012376500822154e-05  -7.0315901992949875e-05   2.8496850775966176e-04 -1 134 #xyz tv3 fid bid
          -1.1158156815990701e-05   9.7009613973314497e-05   3.8299377178224747e-04 #xyz tv0
          -7.0710000000000006e-05  -7.0710000000000006e-05   2.7071000000000002e-04 #xyz tv1
          -7.1012376500822154e-05  -7.0315901992949875e-05   2.8496850775966176e-04 #xyz tv2
          -7.0310858349211013e-05  -7.1016246297973796e-05   2.8515098732591430e-04 -1 134 #xyz tv3 fid bid
          -7.0710000000000006e-05  -7.0710000000000006e-05   2.7071000000000002e-04 #xyz tv0
          -7.0310858349211013e-05  -7.1016246297973796e-05   2.8515098732591430e-04 #xyz tv1
          -7.1012376500822154e-05  -7.0315901992949875e-05   2.8496850775966176e-04 7 -1 #xyz tv2 fid bid
          -6.9167700705220582e-05  -7.1893347937906579e-05   3.2651055232183840e-04 #xyz tv0
          -7.1012376500822154e-05  -7.0315901992949875e-05   2.8496850775966176e-04 #xyz tv1
          -7.0310858349211013e-05  -7.1016246297973796e-05   2.8515098732591430e-04 7 -1 #xyz tv2 fid bid
          -7.0310858349211013e-05  -7.1016246297973796e-05   2.8515098732591430e-04 #xyz ev0
          -7.1012376500822154e-05  -7.0315901992949875e-05   2.8496850775966176e-04 -1 134 #xyz ev1 fid bid
   0   0.000000000000e+00   0.000000000000e+00   0.000000000000e+00 #flag location
END_ERR 
BEGIN_ERR 
26 Small mesh segment detected on body : Box1
 Small mesh segment detected on body : Box1 
 Segment Statistics - Number of Segments : 1 --- Segment length(s) : 0.000002meters. The cutoff frequency for S-Matrix Only Solve is 2.99792458MHz 
2 -1  16  # nfids, fids[]
2 134  -1  # nbids, bids[]
      4 2 1 0 #ntets ntri ned npts
           7.1288560821916724e-05  -6.9955941181756138e-05  -2.9799192814688335e-04 #xyz tv0
           6.7376329606254711e-05  -1.8971285781709104e-04  -2.7326779925430288e-04 #xyz tv1
           6.9167700705220582e-05  -7.1893347937906579e-05  -3.2651055232183840e-04 #xyz tv2
           6.9987062588969752e-05  -7.1264682542794338e-05  -2.9686595232790262e-04 -1 134 #xyz tv3 fid bid
           7.0710000000000006e-05  -7.0710000000000006e-05  -2.7071000000000002e-04 #xyz tv0
           6.7376329606254711e-05  -1.8971285781709104e-04  -2.7326779925430288e-04 #xyz tv1
           7.1288560821916724e-05  -6.9955941181756138e-05  -2.9799192814688335e-04 #xyz tv2
           6.9987062588969752e-05  -7.1264682542794338e-05  -2.9686595232790262e-04 -1 134 #xyz tv3 fid bid
           1.1158156815990701e-05   9.7009613973314497e-05  -3.8299377178224747e-04 #xyz tv0
           7.1288560821916724e-05  -6.9955941181756138e-05  -2.9799192814688335e-04 #xyz tv1
           6.9167700705220582e-05  -7.1893347937906579e-05  -3.2651055232183840e-04 #xyz tv2
           6.9987062588969752e-05  -7.1264682542794338e-05  -2.9686595232790262e-04 -1 134 #xyz tv3 fid bid
           7.0710000000000006e-05  -7.0710000000000006e-05  -2.7071000000000002e-04 #xyz tv0
           7.1288560821916724e-05  -6.9955941181756138e-05  -2.9799192814688335e-04 #xyz tv1
           1.1158156815990701e-05   9.7009613973314497e-05  -3.8299377178224747e-04 #xyz tv2
           6.9987062588969752e-05  -7.1264682542794338e-05  -2.9686595232790262e-04 -1 134 #xyz tv3 fid bid
           7.0710000000000006e-05  -7.0710000000000006e-05  -2.7071000000000002e-04 #xyz tv0
           6.9987062588969752e-05  -7.1264682542794338e-05  -2.9686595232790262e-04 #xyz tv1
           7.1288560821916724e-05  -6.9955941181756138e-05  -2.9799192814688335e-04 16 -1 #xyz tv2 fid bid
           6.9167700705220582e-05  -7.1893347937906579e-05  -3.2651055232183840e-04 #xyz tv0
           7.1288560821916724e-05  -6.9955941181756138e-05  -2.9799192814688335e-04 #xyz tv1
           6.9987062588969752e-05  -7.1264682542794338e-05  -2.9686595232790262e-04 16 -1 #xyz tv2 fid bid
           6.9987062588969752e-05  -7.1264682542794338e-05  -2.9686595232790262e-04 #xyz ev0
           7.1288560821916724e-05  -6.9955941181756138e-05  -2.9799192814688335e-04 -1 134 #xyz ev1 fid bid
   0   0.000000000000e+00   0.000000000000e+00   0.000000000000e+00 #flag location
END_ERR 
BEGIN_ERR 
26 Small mesh segment detected on body : Box1
 Small mesh segment detected on body : Box1 
 Segment Statistics - Number of Segments : 1 --- Segment length(s) : 0.000003meters. The cutoff frequency for S-Matrix Only Solve is 2.99792458MHz 
2 -1  43  # nfids, fids[]
2 134  -1  # nbids, bids[]
      6 2 1 0 #ntets ntri ned npts
          -9.9999999999999991e-05   2.5000000000000001e-02   1.2500000000000001e-02 #xyz tv0
          -9.9999999999999991e-05   2.4948237048751026e-02   1.2500000000000001e-02 #xyz tv1
          -2.5038125000000018e-04   2.4981262500000007e-02   1.2519062500000002e-02 #xyz tv2
          -9.9161714393832388e-05   2.4947868019090474e-02   1.2503127931366298e-02 -1 134 #xyz tv3 fid bid
          -9.9999999999999991e-05   2.4948237048751026e-02   1.2500000000000001e-02 #xyz tv0
          -9.9161714393832388e-05   2.4947868019090474e-02   1.2503127931366298e-02 #xyz tv1
          -2.5038125000000013e-04   2.4730881250000007e-02   1.2519062500000002e-02 #xyz tv2
          -2.5038125000000018e-04   2.4981262500000007e-02   1.2519062500000002e-02 -1 134 #xyz tv3 fid bid
          -1.4328815911568428e-19   2.4981262500000007e-02   1.2519062500000002e-02 #xyz tv0
          -9.9999999999999991e-05   2.4948237048751026e-02   1.2500000000000001e-02 #xyz tv1
          -9.9999999999999991e-05   2.5000000000000001e-02   1.2500000000000001e-02 #xyz tv2
          -9.9161714393832388e-05   2.4947868019090474e-02   1.2503127931366298e-02 -1 134 #xyz tv3 fid bid
          -2.5038125000000013e-04   2.4730881250000007e-02   1.2519062500000002e-02 #xyz tv0
          -9.9999999999999991e-05   2.4948237048751026e-02   1.2500000000000001e-02 #xyz tv1
          -9.9999999999999991e-05   2.4626368394950717e-02   1.2500000000000001e-02 #xyz tv2
          -9.9161714393832388e-05   2.4947868019090474e-02   1.2503127931366298e-02 -1 134 #xyz tv3 fid bid
          -1.4328815911568428e-19   2.4981262500000007e-02   1.2519062500000002e-02 #xyz tv0
          -9.5047741297470985e-05   2.4692024944434440e-02   1.2481521422751754e-02 #xyz tv1
          -9.9999999999999991e-05   2.4948237048751026e-02   1.2500000000000001e-02 #xyz tv2
          -9.9161714393832388e-05   2.4947868019090474e-02   1.2503127931366298e-02 -1 134 #xyz tv3 fid bid
          -9.9999999999999991e-05   2.4948237048751026e-02   1.2500000000000001e-02 #xyz tv0
          -9.9161714393832388e-05   2.4947868019090474e-02   1.2503127931366298e-02 #xyz tv1
          -9.5047741297470985e-05   2.4692024944434440e-02   1.2481521422751754e-02 #xyz tv2
          -9.9999999999999991e-05   2.4626368394950717e-02   1.2500000000000001e-02 -1 134 #xyz tv3 fid bid
          -9.9999999999999991e-05   2.4948237048751026e-02   1.2500000000000001e-02 #xyz tv0
          -9.9161714393832388e-05   2.4947868019090474e-02   1.2503127931366298e-02 #xyz tv1
          -9.9999999999999991e-05   2.5000000000000001e-02   1.2500000000000001e-02 43 -1 #xyz tv2 fid bid
          -9.9999999999999991e-05   2.4626368394950717e-02   1.2500000000000001e-02 #xyz tv0
          -9.9161714393832388e-05   2.4947868019090474e-02   1.2503127931366298e-02 #xyz tv1
          -9.9999999999999991e-05   2.4948237048751026e-02   1.2500000000000001e-02 43 -1 #xyz tv2 fid bid
          -9.9999999999999991e-05   2.4948237048751026e-02   1.2500000000000001e-02 #xyz ev0
          -9.9161714393832388e-05   2.4947868019090474e-02   1.2503127931366298e-02 -1 134 #xyz ev1 fid bid
   0   0.000000000000e+00   0.000000000000e+00   0.000000000000e+00 #flag location
END_ERR 
BEGIN_ERR 
26 Small mesh segment detected on body : Box1
 Small mesh segment detected on body : Box1 
 Segment Statistics - Number of Segments : 1 --- Segment length(s) : 0.000003meters. The cutoff frequency for S-Matrix Only Solve is 2.99792458MHz 
2 -1  43  # nfids, fids[]
2 134  -1  # nbids, bids[]
      5 2 1 0 #ntets ntri ned npts
          -9.9154822584751772e-05   2.4947439425712779e-02   1.2496846352928179e-02 #xyz tv0
          -2.5038125000000018e-04   2.4981262500000007e-02   1.2519062500000002e-02 #xyz tv1
          -9.9999999999999991e-05   2.5000000000000001e-02   1.2500000000000001e-02 #xyz tv2
          -9.9999999999999991e-05   2.4948237048751026e-02   1.2500000000000001e-02 -1 134 #xyz tv3 fid bid
          -1.4328815911568428e-19   2.4981262500000007e-02   1.2519062500000002e-02 #xyz tv0
          -9.9999999999999991e-05   2.5000000000000001e-02   1.2500000000000001e-02 #xyz tv1
          -9.9999999999999991e-05   2.4948237048751026e-02   1.2500000000000001e-02 #xyz tv2
          -9.9154822584751772e-05   2.4947439425712779e-02   1.2496846352928179e-02 -1 134 #xyz tv3 fid bid
          -9.9154822584751772e-05   2.4947439425712779e-02   1.2496846352928179e-02 #xyz tv0
          -2.5038125000000013e-04   2.4730881250000007e-02   1.2519062500000002e-02 #xyz tv1
          -2.5038125000000018e-04   2.4981262500000007e-02   1.2519062500000002e-02 #xyz tv2
          -9.9999999999999991e-05   2.4948237048751026e-02   1.2500000000000001e-02 -1 134 #xyz tv3 fid bid
          -1.4328815911568428e-19   2.4981262500000007e-02   1.2519062500000002e-02 #xyz tv0
          -9.9999999999999991e-05   2.4948237048751026e-02   1.2500000000000001e-02 #xyz tv1
          -9.5047741297470985e-05   2.4692024944434440e-02   1.2481521422751754e-02 #xyz tv2
          -9.9154822584751772e-05   2.4947439425712779e-02   1.2496846352928179e-02 -1 134 #xyz tv3 fid bid
          -9.5047741297470985e-05   2.4692024944434440e-02   1.2481521422751754e-02 #xyz tv0
          -2.5038125000000013e-04   2.4730881250000007e-02   1.2519062500000002e-02 #xyz tv1
          -9.9154822584751772e-05   2.4947439425712779e-02   1.2496846352928179e-02 #xyz tv2
          -9.9999999999999991e-05   2.4948237048751026e-02   1.2500000000000001e-02 -1 134 #xyz tv3 fid bid
          -9.9999999999999991e-05   2.5000000000000001e-02   1.2500000000000001e-02 #xyz tv0
          -9.9154822584751772e-05   2.4947439425712779e-02   1.2496846352928179e-02 #xyz tv1
          -9.9999999999999991e-05   2.4948237048751026e-02   1.2500000000000001e-02 43 -1 #xyz tv2 fid bid
          -9.5047741297470985e-05   2.4692024944434440e-02   1.2481521422751754e-02 #xyz tv0
          -9.9999999999999991e-05   2.4948237048751026e-02   1.2500000000000001e-02 #xyz tv1
          -9.9154822584751772e-05   2.4947439425712779e-02   1.2496846352928179e-02 43 -1 #xyz tv2 fid bid
          -9.9154822584751772e-05   2.4947439425712779e-02   1.2496846352928179e-02 #xyz ev0
          -9.9999999999999991e-05   2.4948237048751026e-02   1.2500000000000001e-02 -1 134 #xyz ev1 fid bid
   0   0.000000000000e+00   0.000000000000e+00   0.000000000000e+00 #flag location
END_ERR 
G3dErrFileVersion 2018P3.1
FlagFileMetaData Begin
   Mesh Size - Setup1, Refinement, Pass #2, Freq. 3.000000e+09 :Title    
   Listing of mesh elements with small segments. :ToolTip  
   hf3d :Author   
   1668791949 :TimeStamp
FlagFileMetaData End
BEGIN_ERR 
26 Small mesh segment detected on body : Box1
 Small mesh segment detected on body : Box1 
 Segment Statistics - Number of Segments : 1 --- Segment length(s) : 0.000001meters. The cutoff frequency for S-Matrix Only Solve is 2.99792458MHz 
2 -1  7  # nfids, fids[]
2 134  -1  # nbids, bids[]
      5 2 1 0 #ntets ntri ned npts
          -6.9167700705220582e-05  -7.1893347937906579e-05   3.2651055232183840e-04 #xyz tv0
          -7.1012376500822154e-05  -7.0315901992949875e-05   2.8496850775966176e-04 #xyz tv1
          -1.2519062500000012e-04  -1.8205312499999939e-04   3.7557187499999992e-04 #xyz tv2
          -7.0310858349211013e-05  -7.1016246297973796e-05   2.8515098732591430e-04 -1 134 #xyz tv3 fid bid
          -9.6704243235651443e-05  -1.9922111784495008e-04   2.1229759986697219e-04 #xyz tv0
          -7.0310858349211013e-05  -7.1016246297973796e-05   2.8515098732591430e-04 #xyz tv1
          -1.2519062500000012e-04  -1.8205312499999939e-04   3.7557187499999992e-04 #xyz tv2
          -7.1012376500822154e-05  -7.0315901992949875e-05   2.8496850775966176e-04 -1 134 #xyz tv3 fid bid
          -6.9167700705220582e-05  -7.1893347937906579e-05   3.2651055232183840e-04 #xyz tv0
          -1.1158156815990701e-05   9.7009613973314497e-05   3.8299377178224747e-04 #xyz tv1
          -7.1012376500822154e-05  -7.0315901992949875e-05   2.8496850775966176e-04 #xyz tv2
          -7.0310858349211013e-05  -7.1016246297973796e-05   2.8515098732591430e-04 -1 134 #xyz tv3 fid bid
          -7.0710000000000006e-05  -7.0710000000000006e-05   2.7071000000000002e-04 #xyz tv0
          -7.0310858349211013e-05  -7.1016246297973796e-05   2.8515098732591430e-04 #xyz tv1
          -9.6704243235651443e-05  -1.9922111784495008e-04   2.1229759986697219e-04 #xyz tv2
          -7.1012376500822154e-05  -7.0315901992949875e-05   2.8496850775966176e-04 -1 134 #xyz tv3 fid bid
          -1.1158156815990701e-05   9.7009613973314497e-05   3.8299377178224747e-04 #xyz tv0
          -7.0710000000000006e-05  -7.0710000000000006e-05   2.7071000000000002e-04 #xyz tv1
          -7.1012376500822154e-05  -7.0315901992949875e-05   2.8496850775966176e-04 #xyz tv2
          -7.0310858349211013e-05  -7.1016246297973796e-05   2.8515098732591430e-04 -1 134 #xyz tv3 fid bid
          -7.0710000000000006e-05  -7.0710000000000006e-05   2.7071000000000002e-04 #xyz tv0
          -7.0310858349211013e-05  -7.1016246297973796e-05   2.8515098732591430e-04 #xyz tv1
          -7.1012376500822154e-05  -7.0315901992949875e-05   2.8496850775966176e-04 7 -1 #xyz tv2 fid bid
          -6.9167700705220582e-05  -7.1893347937906579e-05   3.2651055232183840e-04 #xyz tv0
          -7.1012376500822154e-05  -7.0315901992949875e-05   2.8496850775966176e-04 #xyz tv1
          -7.0310858349211013e-05  -7.1016246297973796e-05   2.8515098732591430e-04 7 -1 #xyz tv2 fid bid
          -7.0310858349211013e-05  -7.1016246297973796e-05   2.8515098732591430e-04 #xyz ev0
          -7.1012376500822154e-05  -7.0315901992949875e-05   2.8496850775966176e-04 -1 134 #xyz ev1 fid bid
   0   0.000000000000e+00   0.000000000000e+00   0.000000000000e+00 #flag location
END_ERR 
BEGIN_ERR 
26 Small mesh segment detected on body : Box1
 Small mesh segment detected on body : Box1 
 Segment Statistics - Number of Segments : 1 --- Segment length(s) : 0.000002meters. The cutoff frequency for S-Matrix Only Solve is 2.99792458MHz 
2 -1  16  # nfids, fids[]
2 134  -1  # nbids, bids[]
      4 2 1 0 #ntets ntri ned npts
           7.1288560821916724e-05  -6.9955941181756138e-05  -2.9799192814688335e-04 #xyz tv0
           6.7376329606254711e-05  -1.8971285781709104e-04  -2.7326779925430288e-04 #xyz tv1
           6.9167700705220582e-05  -7.1893347937906579e-05  -3.2651055232183840e-04 #xyz tv2
           6.9987062588969752e-05  -7.1264682542794338e-05  -2.9686595232790262e-04 -1 134 #xyz tv3 fid bid
           7.0710000000000006e-05  -7.0710000000000006e-05  -2.7071000000000002e-04 #xyz tv0
           6.7376329606254711e-05  -1.8971285781709104e-04  -2.7326779925430288e-04 #xyz tv1
           7.1288560821916724e-05  -6.9955941181756138e-05  -2.9799192814688335e-04 #xyz tv2
           6.9987062588969752e-05  -7.1264682542794338e-05  -2.9686595232790262e-04 -1 134 #xyz tv3 fid bid
           1.1158156815990701e-05   9.7009613973314497e-05  -3.8299377178224747e-04 #xyz tv0
           7.1288560821916724e-05  -6.9955941181756138e-05  -2.9799192814688335e-04 #xyz tv1
           6.9167700705220582e-05  -7.1893347937906579e-05  -3.2651055232183840e-04 #xyz tv2
           6.9987062588969752e-05  -7.1264682542794338e-05  -2.9686595232790262e-04 -1 134 #xyz tv3 fid bid
           7.0710000000000006e-05  -7.0710000000000006e-05  -2.7071000000000002e-04 #xyz tv0
           7.1288560821916724e-05  -6.9955941181756138e-05  -2.9799192814688335e-04 #xyz tv1
           1.1158156815990701e-05   9.7009613973314497e-05  -3.8299377178224747e-04 #xyz tv2
           6.9987062588969752e-05  -7.1264682542794338e-05  -2.9686595232790262e-04 -1 134 #xyz tv3 fid bid
           7.0710000000000006e-05  -7.0710000000000006e-05  -2.7071000000000002e-04 #xyz tv0
           6.9987062588969752e-05  -7.1264682542794338e-05  -2.9686595232790262e-04 #xyz tv1
           7.1288560821916724e-05  -6.9955941181756138e-05  -2.9799192814688335e-04 16 -1 #xyz tv2 fid bid
           6.9167700705220582e-05  -7.1893347937906579e-05  -3.2651055232183840e-04 #xyz tv0
           7.1288560821916724e-05  -6.9955941181756138e-05  -2.9799192814688335e-04 #xyz tv1
           6.9987062588969752e-05  -7.1264682542794338e-05  -2.9686595232790262e-04 16 -1 #xyz tv2 fid bid
           6.9987062588969752e-05  -7.1264682542794338e-05  -2.9686595232790262e-04 #xyz ev0
           7.1288560821916724e-05  -6.9955941181756138e-05  -2.9799192814688335e-04 -1 134 #xyz ev1 fid bid
   0   0.000000000000e+00   0.000000000000e+00   0.000000000000e+00 #flag location
END_ERR 
BEGIN_ERR 
26 Small mesh segment detected on body : Box1
 Small mesh segment detected on body : Box1 
 Segment Statistics - Number of Segments : 1 --- Segment length(s) : 0.000003meters. The cutoff frequency for S-Matrix Only Solve is 2.99792458MHz 
2 -1  43  # nfids, fids[]
2 134  -1  # nbids, bids[]
      6 2 1 0 #ntets ntri ned npts
          -9.9999999999999991e-05   2.5000000000000001e-02   1.2500000000000001e-02 #xyz tv0
          -9.9999999999999991e-05   2.4948237048751026e-02   1.2500000000000001e-02 #xyz tv1
          -2.5038125000000018e-04   2.4981262500000007e-02   1.2519062500000002e-02 #xyz tv2
          -9.9161714393832388e-05   2.4947868019090474e-02   1.2503127931366298e-02 -1 134 #xyz tv3 fid bid
          -9.9999999999999991e-05   2.4948237048751026e-02   1.2500000000000001e-02 #xyz tv0
          -9.9161714393832388e-05   2.4947868019090474e-02   1.2503127931366298e-02 #xyz tv1
          -2.5038125000000013e-04   2.4730881250000007e-02   1.2519062500000002e-02 #xyz tv2
          -2.5038125000000018e-04   2.4981262500000007e-02   1.2519062500000002e-02 -1 134 #xyz tv3 fid bid
          -1.4328815911568428e-19   2.4981262500000007e-02   1.2519062500000002e-02 #xyz tv0
          -9.9999999999999991e-05   2.4948237048751026e-02   1.2500000000000001e-02 #xyz tv1
          -9.9999999999999991e-05   2.5000000000000001e-02   1.2500000000000001e-02 #xyz tv2
          -9.9161714393832388e-05   2.4947868019090474e-02   1.2503127931366298e-02 -1 134 #xyz tv3 fid bid
          -2.5038125000000013e-04   2.4730881250000007e-02   1.2519062500000002e-02 #xyz tv0
          -9.9999999999999991e-05   2.4948237048751026e-02   1.2500000000000001e-02 #xyz tv1
          -9.9999999999999991e-05   2.4626368394950717e-02   1.2500000000000001e-02 #xyz tv2
          -9.9161714393832388e-05   2.4947868019090474e-02   1.2503127931366298e-02 -1 134 #xyz tv3 fid bid
          -1.4328815911568428e-19   2.4981262500000007e-02   1.2519062500000002e-02 #xyz tv0
          -9.5047741297470985e-05   2.4692024944434440e-02   1.2481521422751754e-02 #xyz tv1
          -9.9999999999999991e-05   2.4948237048751026e-02   1.2500000000000001e-02 #xyz tv2
          -9.9161714393832388e-05   2.4947868019090474e-02   1.2503127931366298e-02 -1 134 #xyz tv3 fid bid
          -9.9999999999999991e-05   2.4948237048751026e-02   1.2500000000000001e-02 #xyz tv0
          -9.9161714393832388e-05   2.4947868019090474e-02   1.2503127931366298e-02 #xyz tv1
          -9.5047741297470985e-05   2.4692024944434440e-02   1.2481521422751754e-02 #xyz tv2
          -9.9999999999999991e-05   2.4626368394950717e-02   1.2500000000000001e-02 -1 134 #xyz tv3 fid bid
          -9.9999999999999991e-05   2.4948237048751026e-02   1.2500000000000001e-02 #xyz tv0
          -9.9161714393832388e-05   2.4947868019090474e-02   1.2503127931366298e-02 #xyz tv1
          -9.9999999999999991e-05   2.5000000000000001e-02   1.2500000000000001e-02 43 -1 #xyz tv2 fid bid
          -9.9999999999999991e-05   2.4626368394950717e-02   1.2500000000000001e-02 #xyz tv0
          -9.9161714393832388e-05   2.4947868019090474e-02   1.2503127931366298e-02 #xyz tv1
          -9.9999999999999991e-05   2.4948237048751026e-02   1.2500000000000001e-02 43 -1 #xyz tv2 fid bid
          -9.9999999999999991e-05   2.4948237048751026e-02   1.2500000000000001e-02 #xyz ev0
          -9.9161714393832388e-05   2.4947868019090474e-02   1.2503127931366298e-02 -1 134 #xyz ev1 fid bid
   0   0.000000000000e+00   0.000000000000e+00   0.000000000000e+00 #flag location
END_ERR 
BEGIN_ERR 
26 Small mesh segment detected on body : Box1
 Small mesh segment detected on body : Box1 
 Segment Statistics - Number of Segments : 1 --- Segment length(s) : 0.000003meters. The cutoff frequency for S-Matrix Only Solve is 2.99792458MHz 
2 -1  43  # nfids, fids[]
2 134  -1  # nbids, bids[]
      5 2 1 0 #ntets ntri ned npts
          -9.9154822584751772e-05   2.4947439425712779e-02   1.2496846352928179e-02 #xyz tv0
          -2.5038125000000018e-04   2.4981262500000007e-02   1.2519062500000002e-02 #xyz tv1
          -9.9999999999999991e-05   2.5000000000000001e-02   1.2500000000000001e-02 #xyz tv2
          -9.9999999999999991e-05   2.4948237048751026e-02   1.2500000000000001e-02 -1 134 #xyz tv3 fid bid
          -1.4328815911568428e-19   2.4981262500000007e-02   1.2519062500000002e-02 #xyz tv0
          -9.9999999999999991e-05   2.5000000000000001e-02   1.2500000000000001e-02 #xyz tv1
          -9.9999999999999991e-05   2.4948237048751026e-02   1.2500000000000001e-02 #xyz tv2
          -9.9154822584751772e-05   2.4947439425712779e-02   1.2496846352928179e-02 -1 134 #xyz tv3 fid bid
          -9.9154822584751772e-05   2.4947439425712779e-02   1.2496846352928179e-02 #xyz tv0
          -2.5038125000000013e-04   2.4730881250000007e-02   1.2519062500000002e-02 #xyz tv1
          -2.5038125000000018e-04   2.4981262500000007e-02   1.2519062500000002e-02 #xyz tv2
          -9.9999999999999991e-05   2.4948237048751026e-02   1.2500000000000001e-02 -1 134 #xyz tv3 fid bid
          -1.4328815911568428e-19   2.4981262500000007e-02   1.2519062500000002e-02 #xyz tv0
          -9.9999999999999991e-05   2.4948237048751026e-02   1.2500000000000001e-02 #xyz tv1
          -9.5047741297470985e-05   2.4692024944434440e-02   1.2481521422751754e-02 #xyz tv2
          -9.9154822584751772e-05   2.4947439425712779e-02   1.2496846352928179e-02 -1 134 #xyz tv3 fid bid
          -9.5047741297470985e-05   2.4692024944434440e-02   1.2481521422751754e-02 #xyz tv0
          -2.5038125000000013e-04   2.4730881250000007e-02   1.2519062500000002e-02 #xyz tv1
          -9.9154822584751772e-05   2.4947439425712779e-02   1.2496846352928179e-02 #xyz tv2
          -9.9999999999999991e-05   2.4948237048751026e-02   1.2500000000000001e-02 -1 134 #xyz tv3 fid bid
          -9.9999999999999991e-05   2.5000000000000001e-02   1.2500000000000001e-02 #xyz tv0
          -9.9154822584751772e-05   2.4947439425712779e-02   1.2496846352928179e-02 #xyz tv1
          -9.9999999999999991e-05   2.4948237048751026e-02   1.2500000000000001e-02 43 -1 #xyz tv2 fid bid
          -9.5047741297470985e-05   2.4692024944434440e-02   1.2481521422751754e-02 #xyz tv0
          -9.9999999999999991e-05   2.4948237048751026e-02   1.2500000000000001e-02 #xyz tv1
          -9.9154822584751772e-05   2.4947439425712779e-02   1.2496846352928179e-02 43 -1 #xyz tv2 fid bid
          -9.9154822584751772e-05   2.4947439425712779e-02   1.2496846352928179e-02 #xyz ev0
          -9.9999999999999991e-05   2.4948237048751026e-02   1.2500000000000001e-02 -1 134 #xyz ev1 fid bid
   0   0.000000000000e+00   0.000000000000e+00   0.000000000000e+00 #flag location
END_ERR 
BEGIN_ERR 
26 Small mesh segment detected on body : Box1
 Small mesh segment detected on body : Box1 
 Segment Statistics - Number of Segments : 1 --- Segment length(s) : 0.000005meters. The cutoff frequency for S-Matrix Only Solve is 2.99792458MHz 
2 -1  61  # nfids, fids[]
2 134  -1  # nbids, bids[]
      5 2 1 0 #ntets ntri ned npts
          -9.7334893292504610e-05  -1.6109973381128856e-04  -2.0994442801304248e-04 #xyz tv0
          -2.5038125000000013e-04  -5.6862499999999119e-05  -2.5038124999999996e-04 #xyz tv1
          -9.8755804753730992e-05  -7.5208817125215516e-05  -2.0464251957563059e-04 #xyz tv2
          -9.9999999999999991e-05  -7.4421326306788797e-05  -1.9999999999999998e-04 -1 134 #xyz tv3 fid bid
          -9.7334893292504610e-05  -1.6109973381128856e-04  -2.0994442801304248e-04 #xyz tv0
          -9.7447644077653981e-05  -1.5428420127614029e-04  -1.9047628387184318e-04 #xyz tv1
          -9.9999999999999991e-05  -7.4421326306788797e-05  -1.9999999999999998e-04 #xyz tv2
          -9.8755804753730992e-05  -7.5208817125215516e-05  -2.0464251957563059e-04 -1 134 #xyz tv3 fid bid
          -9.8755804753730992e-05  -7.5208817125215516e-05  -2.0464251957563059e-04 #xyz tv0
          -2.5038125000000013e-04  -5.6862499999999119e-05  -2.5038124999999996e-04 #xyz tv1
          -9.9999999999999991e-05   0.0000000000000000e+00  -1.9999999999999998e-04 #xyz tv2
